3968 , 0
3968 , 1
3968 , 2
3968 , 3
3968 , 4
3968 , 5
3968 , 6
3968 , 7
3968 , 8
3968 , 9
3968 , 10
3968 , 11
3968 , 12
3968 , 13
3968 , 14
3968 , 15
3968 , 16
3968 , 17
3968 , 18
3968 , 19
3968 , 20
3968 , 21
3968 , 22
3968 , 23
3968 , 24
3968 , 25
3968 , 26
3968 , 27
3968 , 28
3968 , 29
3968 , 30
3968 , 31
3969 , 0
3969 , 1
3969 , 2
3969 , 3
3969 , 4
3969 , 5
3969 , 6
3969 , 7
3969 , 8
3969 , 9
3969 , 10
3969 , 11
3969 , 12
3969 , 13
3969 , 14
3969 , 15
3969 , 16
3969 , 17
3969 , 18
3969 , 19
3969 , 20
3969 , 21
3969 , 22
3969 , 23
3969 , 24
3969 , 25
3969 , 26
3969 , 27
3969 , 28
3969 , 29
3969 , 30
3969 , 31
3970 , 0
3970 , 1
3970 , 2
3970 , 3
3970 , 4
3970 , 5
3970 , 6
3970 , 7
3970 , 8
3970 , 9
3970 , 10
3970 , 11
3970 , 12
3970 , 13
3970 , 14
3970 , 15
3970 , 16
3970 , 17
3970 , 18
3970 , 19
3970 , 20
3970 , 21
3970 , 22
3970 , 23
3970 , 24
3970 , 25
3970 , 26
3970 , 27
3970 , 28
3970 , 29
3970 , 30
3970 , 31
3971 , 0
3971 , 1
3971 , 2
3971 , 3
3971 , 4
3971 , 5
3971 , 6
3971 , 7
3971 , 8
3971 , 9
3971 , 10
3971 , 11
3971 , 12
3971 , 13
3971 , 14
3971 , 15
3971 , 16
3971 , 17
3971 , 18
3971 , 19
3971 , 20
3971 , 21
3971 , 22
3971 , 23
3971 , 24
3971 , 25
3971 , 26
3971 , 27
3971 , 28
3971 , 29
3971 , 30
3971 , 31
3972 , 0
3972 , 1
3972 , 2
3972 , 3
3972 , 4
3972 , 5
3972 , 6
3972 , 7
3972 , 8
3972 , 9
3972 , 10
3972 , 11
3972 , 12
3972 , 13
3972 , 14
3972 , 15
3972 , 16
3972 , 17
3972 , 18
3972 , 19
3972 , 20
3972 , 21
3972 , 22
3972 , 23
3972 , 24
3972 , 25
3972 , 26
3972 , 27
3972 , 28
3972 , 29
3972 , 30
3972 , 31
3973 , 0
3973 , 1
3973 , 2
3973 , 3
3973 , 4
3973 , 5
3973 , 6
3973 , 7
3973 , 8
3973 , 9
3973 , 10
3973 , 11
3973 , 12
3973 , 13
3973 , 14
3973 , 15
3973 , 16
3973 , 17
3973 , 18
3973 , 19
3973 , 20
3973 , 21
3973 , 22
3973 , 23
3973 , 24
3973 , 25
3973 , 26
3973 , 27
3973 , 28
3973 , 29
3973 , 30
3973 , 31
3974 , 0
3974 , 1
3974 , 2
3974 , 3
3974 , 4
3974 , 5
3974 , 6
3974 , 7
3974 , 8
3974 , 9
3974 , 10
3974 , 11
3974 , 12
3974 , 13
3974 , 14
3974 , 15
3974 , 16
3974 , 17
3974 , 18
3974 , 19
3974 , 20
3974 , 21
3974 , 22
3974 , 23
3974 , 24
3974 , 25
3974 , 26
3974 , 27
3974 , 28
3974 , 29
3974 , 30
3974 , 31
3975 , 0
3975 , 1
3975 , 2
3975 , 3
3975 , 4
3975 , 5
3975 , 6
3975 , 7
3975 , 8
3975 , 9
3975 , 10
3975 , 11
3975 , 12
3975 , 13
3975 , 14
3975 , 15
3975 , 16
3975 , 17
3975 , 18
3975 , 19
3975 , 20
3975 , 21
3975 , 22
3975 , 23
3975 , 24
3975 , 25
3975 , 26
3975 , 27
3975 , 28
3975 , 29
3975 , 30
3975 , 31
3976 , 0
3976 , 1
3976 , 2
3976 , 3
3976 , 4
3976 , 5
3976 , 6
3976 , 7
3976 , 8
3976 , 9
3976 , 10
3976 , 11
3976 , 12
3976 , 13
3976 , 14
3976 , 15
3976 , 16
3976 , 17
3976 , 18
3976 , 19
3976 , 20
3976 , 21
3976 , 22
3976 , 23
3976 , 24
3976 , 25
3976 , 26
3976 , 27
3976 , 28
3976 , 29
3976 , 30
3976 , 31
3977 , 0
3977 , 1
3977 , 2
3977 , 3
3977 , 4
3977 , 5
3977 , 6
3977 , 7
3977 , 8
3977 , 9
3977 , 10
3977 , 11
3977 , 12
3977 , 13
3977 , 14
3977 , 15
3977 , 16
3977 , 17
3977 , 18
3977 , 19
3977 , 20
3977 , 21
3977 , 22
3977 , 23
3977 , 24
3977 , 25
3977 , 26
3977 , 27
3977 , 28
3977 , 29
3977 , 30
3977 , 31
3978 , 0
3978 , 1
3978 , 2
3978 , 3
3978 , 4
3978 , 5
3978 , 6
3978 , 7
3978 , 8
3978 , 9
3978 , 10
3978 , 11
3978 , 12
3978 , 13
3978 , 14
3978 , 15
3978 , 16
3978 , 17
3978 , 18
3978 , 19
3978 , 20
3978 , 21
3978 , 22
3978 , 23
3978 , 24
3978 , 25
3978 , 26
3978 , 27
3978 , 28
3978 , 29
3978 , 30
3978 , 31
3979 , 0
3979 , 1
3979 , 2
3979 , 3
3979 , 4
3979 , 5
3979 , 6
3979 , 7
3979 , 8
3979 , 9
3979 , 10
3979 , 11
3979 , 12
3979 , 13
3979 , 14
3979 , 15
3979 , 16
3979 , 17
3979 , 18
3979 , 19
3979 , 20
3979 , 21
3979 , 22
3979 , 23
3979 , 24
3979 , 25
3979 , 26
3979 , 27
3979 , 28
3979 , 29
3979 , 30
3979 , 31
3980 , 0
3980 , 1
3980 , 2
3980 , 3
3980 , 4
3980 , 5
3980 , 6
3980 , 7
3980 , 8
3980 , 9
3980 , 10
3980 , 11
3980 , 12
3980 , 13
3980 , 14
3980 , 15
3980 , 16
3980 , 17
3980 , 18
3980 , 19
3980 , 20
3980 , 21
3980 , 22
3980 , 23
3980 , 24
3980 , 25
3980 , 26
3980 , 27
3980 , 28
3980 , 29
3980 , 30
3980 , 31
3981 , 0
3981 , 1
3981 , 2
3981 , 3
3981 , 4
3981 , 5
3981 , 6
3981 , 7
3981 , 8
3981 , 9
3981 , 10
3981 , 11
3981 , 12
3981 , 13
3981 , 14
3981 , 15
3981 , 16
3981 , 17
3981 , 18
3981 , 19
3981 , 20
3981 , 21
3981 , 22
3981 , 23
3981 , 24
3981 , 25
3981 , 26
3981 , 27
3981 , 28
3981 , 29
3981 , 30
3981 , 31
3982 , 0
3982 , 1
3982 , 2
3982 , 3
3982 , 4
3982 , 5
3982 , 6
3982 , 7
3982 , 8
3982 , 9
3982 , 10
3982 , 11
3982 , 12
3982 , 13
3982 , 14
3982 , 15
3982 , 16
3982 , 17
3982 , 18
3982 , 19
3982 , 20
3982 , 21
3982 , 22
3982 , 23
3982 , 24
3982 , 25
3982 , 26
3982 , 27
3982 , 28
3982 , 29
3982 , 30
3982 , 31
3983 , 0
3983 , 1
3983 , 2
3983 , 3
3983 , 4
3983 , 5
3983 , 6
3983 , 7
3983 , 8
3983 , 9
3983 , 10
3983 , 11
3983 , 12
3983 , 13
3983 , 14
3983 , 15
3983 , 16
3983 , 17
3983 , 18
3983 , 19
3983 , 20
3983 , 21
3983 , 22
3983 , 23
3983 , 24
3983 , 25
3983 , 26
3983 , 27
3983 , 28
3983 , 29
3983 , 30
3983 , 31
3984 , 0
3984 , 1
3984 , 2
3984 , 3
3984 , 4
3984 , 5
3984 , 6
3984 , 7
3984 , 8
3984 , 9
3984 , 10
3984 , 11
3984 , 12
3984 , 13
3984 , 14
3984 , 15
3984 , 16
3984 , 17
3984 , 18
3984 , 19
3984 , 20
3984 , 21
3984 , 22
3984 , 23
3984 , 24
3984 , 25
3984 , 26
3984 , 27
3984 , 28
3984 , 29
3984 , 30
3984 , 31
3985 , 0
3985 , 1
3985 , 2
3985 , 3
3985 , 4
3985 , 5
3985 , 6
3985 , 7
3985 , 8
3985 , 9
3985 , 10
3985 , 11
3985 , 12
3985 , 13
3985 , 14
3985 , 15
3985 , 16
3985 , 17
3985 , 18
3985 , 19
3985 , 20
3985 , 21
3985 , 22
3985 , 23
3985 , 24
3985 , 25
3985 , 26
3985 , 27
3985 , 28
3985 , 29
3985 , 30
3985 , 31
3986 , 0
3986 , 1
3986 , 2
3986 , 3
3986 , 4
3986 , 5
3986 , 6
3986 , 7
3986 , 8
3986 , 9
3986 , 10
3986 , 11
3986 , 12
3986 , 13
3986 , 14
3986 , 15
3986 , 16
3986 , 17
3986 , 18
3986 , 19
3986 , 20
3986 , 21
3986 , 22
3986 , 23
3986 , 24
3986 , 25
3986 , 26
3986 , 27
3986 , 28
3986 , 29
3986 , 30
3986 , 31
3987 , 0
3987 , 1
3987 , 2
3987 , 3
3987 , 4
3987 , 5
3987 , 6
3987 , 7
3987 , 8
3987 , 9
3987 , 10
3987 , 11
3987 , 12
3987 , 13
3987 , 14
3987 , 15
3987 , 16
3987 , 17
3987 , 18
3987 , 19
3987 , 20
3987 , 21
3987 , 22
3987 , 23
3987 , 24
3987 , 25
3987 , 26
3987 , 27
3987 , 28
3987 , 29
3987 , 30
3987 , 31
3988 , 0
3988 , 1
3988 , 2
3988 , 3
3988 , 4
3988 , 5
3988 , 6
3988 , 7
3988 , 8
3988 , 9
3988 , 10
3988 , 11
3988 , 12
3988 , 13
3988 , 14
3988 , 15
3988 , 16
3988 , 17
3988 , 18
3988 , 19
3988 , 20
3988 , 21
3988 , 22
3988 , 23
3988 , 24
3988 , 25
3988 , 26
3988 , 27
3988 , 28
3988 , 29
3988 , 30
3988 , 31
3989 , 0
3989 , 1
3989 , 2
3989 , 3
3989 , 4
3989 , 5
3989 , 6
3989 , 7
3989 , 8
3989 , 9
3989 , 10
3989 , 11
3989 , 12
3989 , 13
3989 , 14
3989 , 15
3989 , 16
3989 , 17
3989 , 18
3989 , 19
3989 , 20
3989 , 21
3989 , 22
3989 , 23
3989 , 24
3989 , 25
3989 , 26
3989 , 27
3989 , 28
3989 , 29
3989 , 30
3989 , 31
3990 , 0
3990 , 1
3990 , 2
3990 , 3
3990 , 4
3990 , 5
3990 , 6
3990 , 7
3990 , 8
3990 , 9
3990 , 10
3990 , 11
3990 , 12
3990 , 13
3990 , 14
3990 , 15
3990 , 16
3990 , 17
3990 , 18
3990 , 19
3990 , 20
3990 , 21
3990 , 22
3990 , 23
3990 , 24
3990 , 25
3990 , 26
3990 , 27
3990 , 28
3990 , 29
3990 , 30
3990 , 31
3991 , 0
3991 , 1
3991 , 2
3991 , 3
3991 , 4
3991 , 5
3991 , 6
3991 , 7
3991 , 8
3991 , 9
3991 , 10
3991 , 11
3991 , 12
3991 , 13
3991 , 14
3991 , 15
3991 , 16
3991 , 17
3991 , 18
3991 , 19
3991 , 20
3991 , 21
3991 , 22
3991 , 23
3991 , 24
3991 , 25
3991 , 26
3991 , 27
3991 , 28
3991 , 29
3991 , 30
3991 , 31
3992 , 0
3992 , 1
3992 , 2
3992 , 3
3992 , 4
3992 , 5
3992 , 6
3992 , 7
3992 , 8
3992 , 9
3992 , 10
3992 , 11
3992 , 12
3992 , 13
3992 , 14
3992 , 15
3992 , 16
3992 , 17
3992 , 18
3992 , 19
3992 , 20
3992 , 21
3992 , 22
3992 , 23
3992 , 24
3992 , 25
3992 , 26
3992 , 27
3992 , 28
3992 , 29
3992 , 30
3992 , 31
3993 , 0
3993 , 1
3993 , 2
3993 , 3
3993 , 4
3993 , 5
3993 , 6
3993 , 7
3993 , 8
3993 , 9
3993 , 10
3993 , 11
3993 , 12
3993 , 13
3993 , 14
3993 , 15
3993 , 16
3993 , 17
3993 , 18
3993 , 19
3993 , 20
3993 , 21
3993 , 22
3993 , 23
3993 , 24
3993 , 25
3993 , 26
3993 , 27
3993 , 28
3993 , 29
3993 , 30
3993 , 31
3994 , 0
3994 , 1
3994 , 2
3994 , 3
3994 , 4
3994 , 5
3994 , 6
3994 , 7
3994 , 8
3994 , 9
3994 , 10
3994 , 11
3994 , 12
3994 , 13
3994 , 14
3994 , 15
3994 , 16
3994 , 17
3994 , 18
3994 , 19
3994 , 20
3994 , 21
3994 , 22
3994 , 23
3994 , 24
3994 , 25
3994 , 26
3994 , 27
3994 , 28
3994 , 29
3994 , 30
3994 , 31
3995 , 0
3995 , 1
3995 , 2
3995 , 3
3995 , 4
3995 , 5
3995 , 6
3995 , 7
3995 , 8
3995 , 9
3995 , 10
3995 , 11
3995 , 12
3995 , 13
3995 , 14
3995 , 15
3995 , 16
3995 , 17
3995 , 18
3995 , 19
3995 , 20
3995 , 21
3995 , 22
3995 , 23
3995 , 24
3995 , 25
3995 , 26
3995 , 27
3995 , 28
3995 , 29
3995 , 30
3995 , 31
3996 , 0
3996 , 1
3996 , 2
3996 , 3
3996 , 4
3996 , 5
3996 , 6
3996 , 7
3996 , 8
3996 , 9
3996 , 10
3996 , 11
3996 , 12
3996 , 13
3996 , 14
3996 , 15
3996 , 16
3996 , 17
3996 , 18
3996 , 19
3996 , 20
3996 , 21
3996 , 22
3996 , 23
3996 , 24
3996 , 25
3996 , 26
3996 , 27
3996 , 28
3996 , 29
3996 , 30
3996 , 31
3997 , 0
3997 , 1
3997 , 2
3997 , 3
3997 , 4
3997 , 5
3997 , 6
3997 , 7
3997 , 8
3997 , 9
3997 , 10
3997 , 11
3997 , 12
3997 , 13
3997 , 14
3997 , 15
3997 , 16
3997 , 17
3997 , 18
3997 , 19
3997 , 20
3997 , 21
3997 , 22
3997 , 23
3997 , 24
3997 , 25
3997 , 26
3997 , 27
3997 , 28
3997 , 29
3997 , 30
3997 , 31
3998 , 0
3998 , 1
3998 , 2
3998 , 3
3998 , 4
3998 , 5
3998 , 6
3998 , 7
3998 , 8
3998 , 9
3998 , 10
3998 , 11
3998 , 12
3998 , 13
3998 , 14
3998 , 15
3998 , 16
3998 , 17
3998 , 18
3998 , 19
3998 , 20
3998 , 21
3998 , 22
3998 , 23
3998 , 24
3998 , 25
3998 , 26
3998 , 27
3998 , 28
3998 , 29
3998 , 30
3998 , 31
3999 , 0
3999 , 1
3999 , 2
3999 , 3
3999 , 4
3999 , 5
3999 , 6
3999 , 7
3999 , 8
3999 , 9
3999 , 10
3999 , 11
3999 , 12
3999 , 13
3999 , 14
3999 , 15
3999 , 16
3999 , 17
3999 , 18
3999 , 19
3999 , 20
3999 , 21
3999 , 22
3999 , 23
3999 , 24
3999 , 25
3999 , 26
3999 , 27
3999 , 28
3999 , 29
3999 , 30
3999 , 31
4000 , 0
4000 , 1
4000 , 2
4000 , 3
4000 , 4
4000 , 5
4000 , 6
4000 , 7
4000 , 8
4000 , 9
4000 , 10
4000 , 11
4000 , 12
4000 , 13
4000 , 14
4000 , 15
4000 , 16
4000 , 17
4000 , 18
4000 , 19
4000 , 20
4000 , 21
4000 , 22
4000 , 23
4000 , 24
4000 , 25
4000 , 26
4000 , 27
4000 , 28
4000 , 29
4000 , 30
4000 , 31
4001 , 0
4001 , 1
4001 , 2
4001 , 3
4001 , 4
4001 , 5
4001 , 6
4001 , 7
4001 , 8
4001 , 9
4001 , 10
4001 , 11
4001 , 12
4001 , 13
4001 , 14
4001 , 15
4001 , 16
4001 , 17
4001 , 18
4001 , 19
4001 , 20
4001 , 21
4001 , 22
4001 , 23
4001 , 24
4001 , 25
4001 , 26
4001 , 27
4001 , 28
4001 , 29
4001 , 30
4001 , 31
4002 , 0
4002 , 1
4002 , 2
4002 , 3
4002 , 4
4002 , 5
4002 , 6
4002 , 7
4002 , 8
4002 , 9
4002 , 10
4002 , 11
4002 , 12
4002 , 13
4002 , 14
4002 , 15
4002 , 16
4002 , 17
4002 , 18
4002 , 19
4002 , 20
4002 , 21
4002 , 22
4002 , 23
4002 , 24
4002 , 25
4002 , 26
4002 , 27
4002 , 28
4002 , 29
4002 , 30
4002 , 31
4003 , 0
4003 , 1
4003 , 2
4003 , 3
4003 , 4
4003 , 5
4003 , 6
4003 , 7
4003 , 8
4003 , 9
4003 , 10
4003 , 11
4003 , 12
4003 , 13
4003 , 14
4003 , 15
4003 , 16
4003 , 17
4003 , 18
4003 , 19
4003 , 20
4003 , 21
4003 , 22
4003 , 23
4003 , 24
4003 , 25
4003 , 26
4003 , 27
4003 , 28
4003 , 29
4003 , 30
4003 , 31
4004 , 0
4004 , 1
4004 , 2
4004 , 3
4004 , 4
4004 , 5
4004 , 6
4004 , 7
4004 , 8
4004 , 9
4004 , 10
4004 , 11
4004 , 12
4004 , 13
4004 , 14
4004 , 15
4004 , 16
4004 , 17
4004 , 18
4004 , 19
4004 , 20
4004 , 21
4004 , 22
4004 , 23
4004 , 24
4004 , 25
4004 , 26
4004 , 27
4004 , 28
4004 , 29
4004 , 30
4004 , 31
4005 , 0
4005 , 1
4005 , 2
4005 , 3
4005 , 4
4005 , 5
4005 , 6
4005 , 7
4005 , 8
4005 , 9
4005 , 10
4005 , 11
4005 , 12
4005 , 13
4005 , 14
4005 , 15
4005 , 16
4005 , 17
4005 , 18
4005 , 19
4005 , 20
4005 , 21
4005 , 22
4005 , 23
4005 , 24
4005 , 25
4005 , 26
4005 , 27
4005 , 28
4005 , 29
4005 , 30
4005 , 31
4006 , 0
4006 , 1
4006 , 2
4006 , 3
4006 , 4
4006 , 5
4006 , 6
4006 , 7
4006 , 8
4006 , 9
4006 , 10
4006 , 11
4006 , 12
4006 , 13
4006 , 14
4006 , 15
4006 , 16
4006 , 17
4006 , 18
4006 , 19
4006 , 20
4006 , 21
4006 , 22
4006 , 23
4006 , 24
4006 , 25
4006 , 26
4006 , 27
4006 , 28
4006 , 29
4006 , 30
4006 , 31
4007 , 0
4007 , 1
4007 , 2
4007 , 3
4007 , 4
4007 , 5
4007 , 6
4007 , 7
4007 , 8
4007 , 9
4007 , 10
4007 , 11
4007 , 12
4007 , 13
4007 , 14
4007 , 15
4007 , 16
4007 , 17
4007 , 18
4007 , 19
4007 , 20
4007 , 21
4007 , 22
4007 , 23
4007 , 24
4007 , 25
4007 , 26
4007 , 27
4007 , 28
4007 , 29
4007 , 30
4007 , 31
4008 , 0
4008 , 1
4008 , 2
4008 , 3
4008 , 4
4008 , 5
4008 , 6
4008 , 7
4008 , 8
4008 , 9
4008 , 10
4008 , 11
4008 , 12
4008 , 13
4008 , 14
4008 , 15
4008 , 16
4008 , 17
4008 , 18
4008 , 19
4008 , 20
4008 , 21
4008 , 22
4008 , 23
4008 , 24
4008 , 25
4008 , 26
4008 , 27
4008 , 28
4008 , 29
4008 , 30
4008 , 31
4009 , 0
4009 , 1
4009 , 2
4009 , 3
4009 , 4
4009 , 5
4009 , 6
4009 , 7
4009 , 8
4009 , 9
4009 , 10
4009 , 11
4009 , 12
4009 , 13
4009 , 14
4009 , 15
4009 , 16
4009 , 17
4009 , 18
4009 , 19
4009 , 20
4009 , 21
4009 , 22
4009 , 23
4009 , 24
4009 , 25
4009 , 26
4009 , 27
4009 , 28
4009 , 29
4009 , 30
4009 , 31
4010 , 0
4010 , 1
4010 , 2
4010 , 3
4010 , 4
4010 , 5
4010 , 6
4010 , 7
4010 , 8
4010 , 9
4010 , 10
4010 , 11
4010 , 12
4010 , 13
4010 , 14
4010 , 15
4010 , 16
4010 , 17
4010 , 18
4010 , 19
4010 , 20
4010 , 21
4010 , 22
4010 , 23
4010 , 24
4010 , 25
4010 , 26
4010 , 27
4010 , 28
4010 , 29
4010 , 30
4010 , 31
4011 , 0
4011 , 1
4011 , 2
4011 , 3
4011 , 4
4011 , 5
4011 , 6
4011 , 7
4011 , 8
4011 , 9
4011 , 10
4011 , 11
4011 , 12
4011 , 13
4011 , 14
4011 , 15
4011 , 16
4011 , 17
4011 , 18
4011 , 19
4011 , 20
4011 , 21
4011 , 22
4011 , 23
4011 , 24
4011 , 25
4011 , 26
4011 , 27
4011 , 28
4011 , 29
4011 , 30
4011 , 31
4012 , 0
4012 , 1
4012 , 2
4012 , 3
4012 , 4
4012 , 5
4012 , 6
4012 , 7
4012 , 8
4012 , 9
4012 , 10
4012 , 11
4012 , 12
4012 , 13
4012 , 14
4012 , 15
4012 , 16
4012 , 17
4012 , 18
4012 , 19
4012 , 20
4012 , 21
4012 , 22
4012 , 23
4012 , 24
4012 , 25
4012 , 26
4012 , 27
4012 , 28
4012 , 29
4012 , 30
4012 , 31
4013 , 0
4013 , 1
4013 , 2
4013 , 3
4013 , 4
4013 , 5
4013 , 6
4013 , 7
4013 , 8
4013 , 9
4013 , 10
4013 , 11
4013 , 12
4013 , 13
4013 , 14
4013 , 15
4013 , 16
4013 , 17
4013 , 18
4013 , 19
4013 , 20
4013 , 21
4013 , 22
4013 , 23
4013 , 24
4013 , 25
4013 , 26
4013 , 27
4013 , 28
4013 , 29
4013 , 30
4013 , 31
4014 , 0
4014 , 1
4014 , 2
4014 , 3
4014 , 4
4014 , 5
4014 , 6
4014 , 7
4014 , 8
4014 , 9
4014 , 10
4014 , 11
4014 , 12
4014 , 13
4014 , 14
4014 , 15
4014 , 16
4014 , 17
4014 , 18
4014 , 19
4014 , 20
4014 , 21
4014 , 22
4014 , 23
4014 , 24
4014 , 25
4014 , 26
4014 , 27
4014 , 28
4014 , 29
4014 , 30
4014 , 31
4015 , 0
4015 , 1
4015 , 2
4015 , 3
4015 , 4
4015 , 5
4015 , 6
4015 , 7
4015 , 8
4015 , 9
4015 , 10
4015 , 11
4015 , 12
4015 , 13
4015 , 14
4015 , 15
4015 , 16
4015 , 17
4015 , 18
4015 , 19
4015 , 20
4015 , 21
4015 , 22
4015 , 23
4015 , 24
4015 , 25
4015 , 26
4015 , 27
4015 , 28
4015 , 29
4015 , 30
4015 , 31
4016 , 0
4016 , 1
4016 , 2
4016 , 3
4016 , 4
4016 , 5
4016 , 6
4016 , 7
4016 , 8
4016 , 9
4016 , 10
4016 , 11
4016 , 12
4016 , 13
4016 , 14
4016 , 15
4016 , 16
4016 , 17
4016 , 18
4016 , 19
4016 , 20
4016 , 21
4016 , 22
4016 , 23
4016 , 24
4016 , 25
4016 , 26
4016 , 27
4016 , 28
4016 , 29
4016 , 30
4016 , 31
4017 , 0
4017 , 1
4017 , 2
4017 , 3
4017 , 4
4017 , 5
4017 , 6
4017 , 7
4017 , 8
4017 , 9
4017 , 10
4017 , 11
4017 , 12
4017 , 13
4017 , 14
4017 , 15
4017 , 16
4017 , 17
4017 , 18
4017 , 19
4017 , 20
4017 , 21
4017 , 22
4017 , 23
4017 , 24
4017 , 25
4017 , 26
4017 , 27
4017 , 28
4017 , 29
4017 , 30
4017 , 31
4018 , 0
4018 , 1
4018 , 2
4018 , 3
4018 , 4
4018 , 5
4018 , 6
4018 , 7
4018 , 8
4018 , 9
4018 , 10
4018 , 11
4018 , 12
4018 , 13
4018 , 14
4018 , 15
4018 , 16
4018 , 17
4018 , 18
4018 , 19
4018 , 20
4018 , 21
4018 , 22
4018 , 23
4018 , 24
4018 , 25
4018 , 26
4018 , 27
4018 , 28
4018 , 29
4018 , 30
4018 , 31
4019 , 0
4019 , 1
4019 , 2
4019 , 3
4019 , 4
4019 , 5
4019 , 6
4019 , 7
4019 , 8
4019 , 9
4019 , 10
4019 , 11
4019 , 12
4019 , 13
4019 , 14
4019 , 15
4019 , 16
4019 , 17
4019 , 18
4019 , 19
4019 , 20
4019 , 21
4019 , 22
4019 , 23
4019 , 24
4019 , 25
4019 , 26
4019 , 27
4019 , 28
4019 , 29
4019 , 30
4019 , 31
4020 , 0
4020 , 1
4020 , 2
4020 , 3
4020 , 4
4020 , 5
4020 , 6
4020 , 7
4020 , 8
4020 , 9
4020 , 10
4020 , 11
4020 , 12
4020 , 13
4020 , 14
4020 , 15
4020 , 16
4020 , 17
4020 , 18
4020 , 19
4020 , 20
4020 , 21
4020 , 22
4020 , 23
4020 , 24
4020 , 25
4020 , 26
4020 , 27
4020 , 28
4020 , 29
4020 , 30
4020 , 31
4021 , 0
4021 , 1
4021 , 2
4021 , 3
4021 , 4
4021 , 5
4021 , 6
4021 , 7
4021 , 8
4021 , 9
4021 , 10
4021 , 11
4021 , 12
4021 , 13
4021 , 14
4021 , 15
4021 , 16
4021 , 17
4021 , 18
4021 , 19
4021 , 20
4021 , 21
4021 , 22
4021 , 23
4021 , 24
4021 , 25
4021 , 26
4021 , 27
4021 , 28
4021 , 29
4021 , 30
4021 , 31
4022 , 0
4022 , 1
4022 , 2
4022 , 3
4022 , 4
4022 , 5
4022 , 6
4022 , 7
4022 , 8
4022 , 9
4022 , 10
4022 , 11
4022 , 12
4022 , 13
4022 , 14
4022 , 15
4022 , 16
4022 , 17
4022 , 18
4022 , 19
4022 , 20
4022 , 21
4022 , 22
4022 , 23
4022 , 24
4022 , 25
4022 , 26
4022 , 27
4022 , 28
4022 , 29
4022 , 30
4022 , 31
4023 , 0
4023 , 1
4023 , 2
4023 , 3
4023 , 4
4023 , 5
4023 , 6
4023 , 7
4023 , 8
4023 , 9
4023 , 10
4023 , 11
4023 , 12
4023 , 13
4023 , 14
4023 , 15
4023 , 16
4023 , 17
4023 , 18
4023 , 19
4023 , 20
4023 , 21
4023 , 22
4023 , 23
4023 , 24
4023 , 25
4023 , 26
4023 , 27
4023 , 28
4023 , 29
4023 , 30
4023 , 31
4024 , 0
4024 , 1
4024 , 2
4024 , 3
4024 , 4
4024 , 5
4024 , 6
4024 , 7
4024 , 8
4024 , 9
4024 , 10
4024 , 11
4024 , 12
4024 , 13
4024 , 14
4024 , 15
4024 , 16
4024 , 17
4024 , 18
4024 , 19
4024 , 20
4024 , 21
4024 , 22
4024 , 23
4024 , 24
4024 , 25
4024 , 26
4024 , 27
4024 , 28
4024 , 29
4024 , 30
4024 , 31
4025 , 0
4025 , 1
4025 , 2
4025 , 3
4025 , 4
4025 , 5
4025 , 6
4025 , 7
4025 , 8
4025 , 9
4025 , 10
4025 , 11
4025 , 12
4025 , 13
4025 , 14
4025 , 15
4025 , 16
4025 , 17
4025 , 18
4025 , 19
4025 , 20
4025 , 21
4025 , 22
4025 , 23
4025 , 24
4025 , 25
4025 , 26
4025 , 27
4025 , 28
4025 , 29
4025 , 30
4025 , 31
4026 , 0
4026 , 1
4026 , 2
4026 , 3
4026 , 4
4026 , 5
4026 , 6
4026 , 7
4026 , 8
4026 , 9
4026 , 10
4026 , 11
4026 , 12
4026 , 13
4026 , 14
4026 , 15
4026 , 16
4026 , 17
4026 , 18
4026 , 19
4026 , 20
4026 , 21
4026 , 22
4026 , 23
4026 , 24
4026 , 25
4026 , 26
4026 , 27
4026 , 28
4026 , 29
4026 , 30
4026 , 31
4027 , 0
4027 , 1
4027 , 2
4027 , 3
4027 , 4
4027 , 5
4027 , 6
4027 , 7
4027 , 8
4027 , 9
4027 , 10
4027 , 11
4027 , 12
4027 , 13
4027 , 14
4027 , 15
4027 , 16
4027 , 17
4027 , 18
4027 , 19
4027 , 20
4027 , 21
4027 , 22
4027 , 23
4027 , 24
4027 , 25
4027 , 26
4027 , 27
4027 , 28
4027 , 29
4027 , 30
4027 , 31
4028 , 0
4028 , 1
4028 , 2
4028 , 3
4028 , 4
4028 , 5
4028 , 6
4028 , 7
4028 , 8
4028 , 9
4028 , 10
4028 , 11
4028 , 12
4028 , 13
4028 , 14
4028 , 15
4028 , 16
4028 , 17
4028 , 18
4028 , 19
4028 , 20
4028 , 21
4028 , 22
4028 , 23
4028 , 24
4028 , 25
4028 , 26
4028 , 27
4028 , 28
4028 , 29
4028 , 30
4028 , 31
4029 , 0
4029 , 1
4029 , 2
4029 , 3
4029 , 4
4029 , 5
4029 , 6
4029 , 7
4029 , 8
4029 , 9
4029 , 10
4029 , 11
4029 , 12
4029 , 13
4029 , 14
4029 , 15
4029 , 16
4029 , 17
4029 , 18
4029 , 19
4029 , 20
4029 , 21
4029 , 22
4029 , 23
4029 , 24
4029 , 25
4029 , 26
4029 , 27
4029 , 28
4029 , 29
4029 , 30
4029 , 31
4030 , 0
4030 , 1
4030 , 2
4030 , 3
4030 , 4
4030 , 5
4030 , 6
4030 , 7
4030 , 8
4030 , 9
4030 , 10
4030 , 11
4030 , 12
4030 , 13
4030 , 14
4030 , 15
4030 , 16
4030 , 17
4030 , 18
4030 , 19
4030 , 20
4030 , 21
4030 , 22
4030 , 23
4030 , 24
4030 , 25
4030 , 26
4030 , 27
4030 , 28
4030 , 29
4030 , 30
4030 , 31
4031 , 0
4031 , 1
4031 , 2
4031 , 3
4031 , 4
4031 , 5
4031 , 6
4031 , 7
4031 , 8
4031 , 9
4031 , 10
4031 , 11
4031 , 12
4031 , 13
4031 , 14
4031 , 15
4031 , 16
4031 , 17
4031 , 18
4031 , 19
4031 , 20
4031 , 21
4031 , 22
4031 , 23
4031 , 24
4031 , 25
4031 , 26
4031 , 27
4031 , 28
4031 , 29
4031 , 30
4031 , 31
4032 , 0
4032 , 1
4032 , 2
4032 , 3
4032 , 4
4032 , 5
4032 , 6
4032 , 7
4032 , 8
4032 , 9
4032 , 10
4032 , 11
4032 , 12
4032 , 13
4032 , 14
4032 , 15
4032 , 16
4032 , 17
4032 , 18
4032 , 19
4032 , 20
4032 , 21
4032 , 22
4032 , 23
4032 , 24
4032 , 25
4032 , 26
4032 , 27
4032 , 28
4032 , 29
4032 , 30
4032 , 31
4033 , 0
4033 , 1
4033 , 2
4033 , 3
4033 , 4
4033 , 5
4033 , 6
4033 , 7
4033 , 8
4033 , 9
4033 , 10
4033 , 11
4033 , 12
4033 , 13
4033 , 14
4033 , 15
4033 , 16
4033 , 17
4033 , 18
4033 , 19
4033 , 20
4033 , 21
4033 , 22
4033 , 23
4033 , 24
4033 , 25
4033 , 26
4033 , 27
4033 , 28
4033 , 29
4033 , 30
4033 , 31
4034 , 0
4034 , 1
4034 , 2
4034 , 3
4034 , 4
4034 , 5
4034 , 6
4034 , 7
4034 , 8
4034 , 9
4034 , 10
4034 , 11
4034 , 12
4034 , 13
4034 , 14
4034 , 15
4034 , 16
4034 , 17
4034 , 18
4034 , 19
4034 , 20
4034 , 21
4034 , 22
4034 , 23
4034 , 24
4034 , 25
4034 , 26
4034 , 27
4034 , 28
4034 , 29
4034 , 30
4034 , 31
4035 , 0
4035 , 1
4035 , 2
4035 , 3
4035 , 4
4035 , 5
4035 , 6
4035 , 7
4035 , 8
4035 , 9
4035 , 10
4035 , 11
4035 , 12
4035 , 13
4035 , 14
4035 , 15
4035 , 16
4035 , 17
4035 , 18
4035 , 19
4035 , 20
4035 , 21
4035 , 22
4035 , 23
4035 , 24
4035 , 25
4035 , 26
4035 , 27
4035 , 28
4035 , 29
4035 , 30
4035 , 31
4036 , 0
4036 , 1
4036 , 2
4036 , 3
4036 , 4
4036 , 5
4036 , 6
4036 , 7
4036 , 8
4036 , 9
4036 , 10
4036 , 11
4036 , 12
4036 , 13
4036 , 14
4036 , 15
4036 , 16
4036 , 17
4036 , 18
4036 , 19
4036 , 20
4036 , 21
4036 , 22
4036 , 23
4036 , 24
4036 , 25
4036 , 26
4036 , 27
4036 , 28
4036 , 29
4036 , 30
4036 , 31
4037 , 0
4037 , 1
4037 , 2
4037 , 3
4037 , 4
4037 , 5
4037 , 6
4037 , 7
4037 , 8
4037 , 9
4037 , 10
4037 , 11
4037 , 12
4037 , 13
4037 , 14
4037 , 15
4037 , 16
4037 , 17
4037 , 18
4037 , 19
4037 , 20
4037 , 21
4037 , 22
4037 , 23
4037 , 24
4037 , 25
4037 , 26
4037 , 27
4037 , 28
4037 , 29
4037 , 30
4037 , 31
4038 , 0
4038 , 1
4038 , 2
4038 , 3
4038 , 4
4038 , 5
4038 , 6
4038 , 7
4038 , 8
4038 , 9
4038 , 10
4038 , 11
4038 , 12
4038 , 13
4038 , 14
4038 , 15
4038 , 16
4038 , 17
4038 , 18
4038 , 19
4038 , 20
4038 , 21
4038 , 22
4038 , 23
4038 , 24
4038 , 25
4038 , 26
4038 , 27
4038 , 28
4038 , 29
4038 , 30
4038 , 31
4039 , 0
4039 , 1
4039 , 2
4039 , 3
4039 , 4
4039 , 5
4039 , 6
4039 , 7
4039 , 8
4039 , 9
4039 , 10
4039 , 11
4039 , 12
4039 , 13
4039 , 14
4039 , 15
4039 , 16
4039 , 17
4039 , 18
4039 , 19
4039 , 20
4039 , 21
4039 , 22
4039 , 23
4039 , 24
4039 , 25
4039 , 26
4039 , 27
4039 , 28
4039 , 29
4039 , 30
4039 , 31
4040 , 0
4040 , 1
4040 , 2
4040 , 3
4040 , 4
4040 , 5
4040 , 6
4040 , 7
4040 , 8
4040 , 9
4040 , 10
4040 , 11
4040 , 12
4040 , 13
4040 , 14
4040 , 15
4040 , 16
4040 , 17
4040 , 18
4040 , 19
4040 , 20
4040 , 21
4040 , 22
4040 , 23
4040 , 24
4040 , 25
4040 , 26
4040 , 27
4040 , 28
4040 , 29
4040 , 30
4040 , 31
4041 , 0
4041 , 1
4041 , 2
4041 , 3
4041 , 4
4041 , 5
4041 , 6
4041 , 7
4041 , 8
4041 , 9
4041 , 10
4041 , 11
4041 , 12
4041 , 13
4041 , 14
4041 , 15
4041 , 16
4041 , 17
4041 , 18
4041 , 19
4041 , 20
4041 , 21
4041 , 22
4041 , 23
4041 , 24
4041 , 25
4041 , 26
4041 , 27
4041 , 28
4041 , 29
4041 , 30
4041 , 31
4042 , 0
4042 , 1
4042 , 2
4042 , 3
4042 , 4
4042 , 5
4042 , 6
4042 , 7
4042 , 8
4042 , 9
4042 , 10
4042 , 11
4042 , 12
4042 , 13
4042 , 14
4042 , 15
4042 , 16
4042 , 17
4042 , 18
4042 , 19
4042 , 20
4042 , 21
4042 , 22
4042 , 23
4042 , 24
4042 , 25
4042 , 26
4042 , 27
4042 , 28
4042 , 29
4042 , 30
4042 , 31
4043 , 0
4043 , 1
4043 , 2
4043 , 3
4043 , 4
4043 , 5
4043 , 6
4043 , 7
4043 , 8
4043 , 9
4043 , 10
4043 , 11
4043 , 12
4043 , 13
4043 , 14
4043 , 15
4043 , 16
4043 , 17
4043 , 18
4043 , 19
4043 , 20
4043 , 21
4043 , 22
4043 , 23
4043 , 24
4043 , 25
4043 , 26
4043 , 27
4043 , 28
4043 , 29
4043 , 30
4043 , 31
4044 , 0
4044 , 1
4044 , 2
4044 , 3
4044 , 4
4044 , 5
4044 , 6
4044 , 7
4044 , 8
4044 , 9
4044 , 10
4044 , 11
4044 , 12
4044 , 13
4044 , 14
4044 , 15
4044 , 16
4044 , 17
4044 , 18
4044 , 19
4044 , 20
4044 , 21
4044 , 22
4044 , 23
4044 , 24
4044 , 25
4044 , 26
4044 , 27
4044 , 28
4044 , 29
4044 , 30
4044 , 31
4045 , 0
4045 , 1
4045 , 2
4045 , 3
4045 , 4
4045 , 5
4045 , 6
4045 , 7
4045 , 8
4045 , 9
4045 , 10
4045 , 11
4045 , 12
4045 , 13
4045 , 14
4045 , 15
4045 , 16
4045 , 17
4045 , 18
4045 , 19
4045 , 20
4045 , 21
4045 , 22
4045 , 23
4045 , 24
4045 , 25
4045 , 26
4045 , 27
4045 , 28
4045 , 29
4045 , 30
4045 , 31
4046 , 0
4046 , 1
4046 , 2
4046 , 3
4046 , 4
4046 , 5
4046 , 6
4046 , 7
4046 , 8
4046 , 9
4046 , 10
4046 , 11
4046 , 12
4046 , 13
4046 , 14
4046 , 15
4046 , 16
4046 , 17
4046 , 18
4046 , 19
4046 , 20
4046 , 21
4046 , 22
4046 , 23
4046 , 24
4046 , 25
4046 , 26
4046 , 27
4046 , 28
4046 , 29
4046 , 30
4046 , 31
4047 , 0
4047 , 1
4047 , 2
4047 , 3
4047 , 4
4047 , 5
4047 , 6
4047 , 7
4047 , 8
4047 , 9
4047 , 10
4047 , 11
4047 , 12
4047 , 13
4047 , 14
4047 , 15
4047 , 16
4047 , 17
4047 , 18
4047 , 19
4047 , 20
4047 , 21
4047 , 22
4047 , 23
4047 , 24
4047 , 25
4047 , 26
4047 , 27
4047 , 28
4047 , 29
4047 , 30
4047 , 31
4048 , 0
4048 , 1
4048 , 2
4048 , 3
4048 , 4
4048 , 5
4048 , 6
4048 , 7
4048 , 8
4048 , 9
4048 , 10
4048 , 11
4048 , 12
4048 , 13
4048 , 14
4048 , 15
4048 , 16
4048 , 17
4048 , 18
4048 , 19
4048 , 20
4048 , 21
4048 , 22
4048 , 23
4048 , 24
4048 , 25
4048 , 26
4048 , 27
4048 , 28
4048 , 29
4048 , 30
4048 , 31
4049 , 0
4049 , 1
4049 , 2
4049 , 3
4049 , 4
4049 , 5
4049 , 6
4049 , 7
4049 , 8
4049 , 9
4049 , 10
4049 , 11
4049 , 12
4049 , 13
4049 , 14
4049 , 15
4049 , 16
4049 , 17
4049 , 18
4049 , 19
4049 , 20
4049 , 21
4049 , 22
4049 , 23
4049 , 24
4049 , 25
4049 , 26
4049 , 27
4049 , 28
4049 , 29
4049 , 30
4049 , 31
4050 , 0
4050 , 1
4050 , 2
4050 , 3
4050 , 4
4050 , 5
4050 , 6
4050 , 7
4050 , 8
4050 , 9
4050 , 10
4050 , 11
4050 , 12
4050 , 13
4050 , 14
4050 , 15
4050 , 16
4050 , 17
4050 , 18
4050 , 19
4050 , 20
4050 , 21
4050 , 22
4050 , 23
4050 , 24
4050 , 25
4050 , 26
4050 , 27
4050 , 28
4050 , 29
4050 , 30
4050 , 31
4051 , 0
4051 , 1
4051 , 2
4051 , 3
4051 , 4
4051 , 5
4051 , 6
4051 , 7
4051 , 8
4051 , 9
4051 , 10
4051 , 11
4051 , 12
4051 , 13
4051 , 14
4051 , 15
4051 , 16
4051 , 17
4051 , 18
4051 , 19
4051 , 20
4051 , 21
4051 , 22
4051 , 23
4051 , 24
4051 , 25
4051 , 26
4051 , 27
4051 , 28
4051 , 29
4051 , 30
4051 , 31
4052 , 0
4052 , 1
4052 , 2
4052 , 3
4052 , 4
4052 , 5
4052 , 6
4052 , 7
4052 , 8
4052 , 9
4052 , 10
4052 , 11
4052 , 12
4052 , 13
4052 , 14
4052 , 15
4052 , 16
4052 , 17
4052 , 18
4052 , 19
4052 , 20
4052 , 21
4052 , 22
4052 , 23
4052 , 24
4052 , 25
4052 , 26
4052 , 27
4052 , 28
4052 , 29
4052 , 30
4052 , 31
4053 , 0
4053 , 1
4053 , 2
4053 , 3
4053 , 4
4053 , 5
4053 , 6
4053 , 7
4053 , 8
4053 , 9
4053 , 10
4053 , 11
4053 , 12
4053 , 13
4053 , 14
4053 , 15
4053 , 16
4053 , 17
4053 , 18
4053 , 19
4053 , 20
4053 , 21
4053 , 22
4053 , 23
4053 , 24
4053 , 25
4053 , 26
4053 , 27
4053 , 28
4053 , 29
4053 , 30
4053 , 31
4054 , 0
4054 , 1
4054 , 2
4054 , 3
4054 , 4
4054 , 5
4054 , 6
4054 , 7
4054 , 8
4054 , 9
4054 , 10
4054 , 11
4054 , 12
4054 , 13
4054 , 14
4054 , 15
4054 , 16
4054 , 17
4054 , 18
4054 , 19
4054 , 20
4054 , 21
4054 , 22
4054 , 23
4054 , 24
4054 , 25
4054 , 26
4054 , 27
4054 , 28
4054 , 29
4054 , 30
4054 , 31
4055 , 0
4055 , 1
4055 , 2
4055 , 3
4055 , 4
4055 , 5
4055 , 6
4055 , 7
4055 , 8
4055 , 9
4055 , 10
4055 , 11
4055 , 12
4055 , 13
4055 , 14
4055 , 15
4055 , 16
4055 , 17
4055 , 18
4055 , 19
4055 , 20
4055 , 21
4055 , 22
4055 , 23
4055 , 24
4055 , 25
4055 , 26
4055 , 27
4055 , 28
4055 , 29
4055 , 30
4055 , 31
4056 , 0
4056 , 1
4056 , 2
4056 , 3
4056 , 4
4056 , 5
4056 , 6
4056 , 7
4056 , 8
4056 , 9
4056 , 10
4056 , 11
4056 , 12
4056 , 13
4056 , 14
4056 , 15
4056 , 16
4056 , 17
4056 , 18
4056 , 19
4056 , 20
4056 , 21
4056 , 22
4056 , 23
4056 , 24
4056 , 25
4056 , 26
4056 , 27
4056 , 28
4056 , 29
4056 , 30
4056 , 31
4057 , 0
4057 , 1
4057 , 2
4057 , 3
4057 , 4
4057 , 5
4057 , 6
4057 , 7
4057 , 8
4057 , 9
4057 , 10
4057 , 11
4057 , 12
4057 , 13
4057 , 14
4057 , 15
4057 , 16
4057 , 17
4057 , 18
4057 , 19
4057 , 20
4057 , 21
4057 , 22
4057 , 23
4057 , 24
4057 , 25
4057 , 26
4057 , 27
4057 , 28
4057 , 29
4057 , 30
4057 , 31
4058 , 0
4058 , 1
4058 , 2
4058 , 3
4058 , 4
4058 , 5
4058 , 6
4058 , 7
4058 , 8
4058 , 9
4058 , 10
4058 , 11
4058 , 12
4058 , 13
4058 , 14
4058 , 15
4058 , 16
4058 , 17
4058 , 18
4058 , 19
4058 , 20
4058 , 21
4058 , 22
4058 , 23
4058 , 24
4058 , 25
4058 , 26
4058 , 27
4058 , 28
4058 , 29
4058 , 30
4058 , 31
4059 , 0
4059 , 1
4059 , 2
4059 , 3
4059 , 4
4059 , 5
4059 , 6
4059 , 7
4059 , 8
4059 , 9
4059 , 10
4059 , 11
4059 , 12
4059 , 13
4059 , 14
4059 , 15
4059 , 16
4059 , 17
4059 , 18
4059 , 19
4059 , 20
4059 , 21
4059 , 22
4059 , 23
4059 , 24
4059 , 25
4059 , 26
4059 , 27
4059 , 28
4059 , 29
4059 , 30
4059 , 31
4060 , 0
4060 , 1
4060 , 2
4060 , 3
4060 , 4
4060 , 5
4060 , 6
4060 , 7
4060 , 8
4060 , 9
4060 , 10
4060 , 11
4060 , 12
4060 , 13
4060 , 14
4060 , 15
4060 , 16
4060 , 17
4060 , 18
4060 , 19
4060 , 20
4060 , 21
4060 , 22
4060 , 23
4060 , 24
4060 , 25
4060 , 26
4060 , 27
4060 , 28
4060 , 29
4060 , 30
4060 , 31
4061 , 0
4061 , 1
4061 , 2
4061 , 3
4061 , 4
4061 , 5
4061 , 6
4061 , 7
4061 , 8
4061 , 9
4061 , 10
4061 , 11
4061 , 12
4061 , 13
4061 , 14
4061 , 15
4061 , 16
4061 , 17
4061 , 18
4061 , 19
4061 , 20
4061 , 21
4061 , 22
4061 , 23
4061 , 24
4061 , 25
4061 , 26
4061 , 27
4061 , 28
4061 , 29
4061 , 30
4061 , 31
4062 , 0
4062 , 1
4062 , 2
4062 , 3
4062 , 4
4062 , 5
4062 , 6
4062 , 7
4062 , 8
4062 , 9
4062 , 10
4062 , 11
4062 , 12
4062 , 13
4062 , 14
4062 , 15
4062 , 16
4062 , 17
4062 , 18
4062 , 19
4062 , 20
4062 , 21
4062 , 22
4062 , 23
4062 , 24
4062 , 25
4062 , 26
4062 , 27
4062 , 28
4062 , 29
4062 , 30
4062 , 31
4063 , 0
4063 , 1
4063 , 2
4063 , 3
4063 , 4
4063 , 5
4063 , 6
4063 , 7
4063 , 8
4063 , 9
4063 , 10
4063 , 11
4063 , 12
4063 , 13
4063 , 14
4063 , 15
4063 , 16
4063 , 17
4063 , 18
4063 , 19
4063 , 20
4063 , 21
4063 , 22
4063 , 23
4063 , 24
4063 , 25
4063 , 26
4063 , 27
4063 , 28
4063 , 29
4063 , 30
4063 , 31
4064 , 0
4064 , 1
4064 , 2
4064 , 3
4064 , 4
4064 , 5
4064 , 6
4064 , 7
4064 , 8
4064 , 9
4064 , 10
4064 , 11
4064 , 12
4064 , 13
4064 , 14
4064 , 15
4064 , 16
4064 , 17
4064 , 18
4064 , 19
4064 , 20
4064 , 21
4064 , 22
4064 , 23
4064 , 24
4064 , 25
4064 , 26
4064 , 27
4064 , 28
4064 , 29
4064 , 30
4064 , 31
4065 , 0
4065 , 1
4065 , 2
4065 , 3
4065 , 4
4065 , 5
4065 , 6
4065 , 7
4065 , 8
4065 , 9
4065 , 10
4065 , 11
4065 , 12
4065 , 13
4065 , 14
4065 , 15
4065 , 16
4065 , 17
4065 , 18
4065 , 19
4065 , 20
4065 , 21
4065 , 22
4065 , 23
4065 , 24
4065 , 25
4065 , 26
4065 , 27
4065 , 28
4065 , 29
4065 , 30
4065 , 31
4066 , 0
4066 , 1
4066 , 2
4066 , 3
4066 , 4
4066 , 5
4066 , 6
4066 , 7
4066 , 8
4066 , 9
4066 , 10
4066 , 11
4066 , 12
4066 , 13
4066 , 14
4066 , 15
4066 , 16
4066 , 17
4066 , 18
4066 , 19
4066 , 20
4066 , 21
4066 , 22
4066 , 23
4066 , 24
4066 , 25
4066 , 26
4066 , 27
4066 , 28
4066 , 29
4066 , 30
4066 , 31
4067 , 0
4067 , 1
4067 , 2
4067 , 3
4067 , 4
4067 , 5
4067 , 6
4067 , 7
4067 , 8
4067 , 9
4067 , 10
4067 , 11
4067 , 12
4067 , 13
4067 , 14
4067 , 15
4067 , 16
4067 , 17
4067 , 18
4067 , 19
4067 , 20
4067 , 21
4067 , 22
4067 , 23
4067 , 24
4067 , 25
4067 , 26
4067 , 27
4067 , 28
4067 , 29
4067 , 30
4067 , 31
4068 , 0
4068 , 1
4068 , 2
4068 , 3
4068 , 4
4068 , 5
4068 , 6
4068 , 7
4068 , 8
4068 , 9
4068 , 10
4068 , 11
4068 , 12
4068 , 13
4068 , 14
4068 , 15
4068 , 16
4068 , 17
4068 , 18
4068 , 19
4068 , 20
4068 , 21
4068 , 22
4068 , 23
4068 , 24
4068 , 25
4068 , 26
4068 , 27
4068 , 28
4068 , 29
4068 , 30
4068 , 31
4069 , 0
4069 , 1
4069 , 2
4069 , 3
4069 , 4
4069 , 5
4069 , 6
4069 , 7
4069 , 8
4069 , 9
4069 , 10
4069 , 11
4069 , 12
4069 , 13
4069 , 14
4069 , 15
4069 , 16
4069 , 17
4069 , 18
4069 , 19
4069 , 20
4069 , 21
4069 , 22
4069 , 23
4069 , 24
4069 , 25
4069 , 26
4069 , 27
4069 , 28
4069 , 29
4069 , 30
4069 , 31
4070 , 0
4070 , 1
4070 , 2
4070 , 3
4070 , 4
4070 , 5
4070 , 6
4070 , 7
4070 , 8
4070 , 9
4070 , 10
4070 , 11
4070 , 12
4070 , 13
4070 , 14
4070 , 15
4070 , 16
4070 , 17
4070 , 18
4070 , 19
4070 , 20
4070 , 21
4070 , 22
4070 , 23
4070 , 24
4070 , 25
4070 , 26
4070 , 27
4070 , 28
4070 , 29
4070 , 30
4070 , 31
4071 , 0
4071 , 1
4071 , 2
4071 , 3
4071 , 4
4071 , 5
4071 , 6
4071 , 7
4071 , 8
4071 , 9
4071 , 10
4071 , 11
4071 , 12
4071 , 13
4071 , 14
4071 , 15
4071 , 16
4071 , 17
4071 , 18
4071 , 19
4071 , 20
4071 , 21
4071 , 22
4071 , 23
4071 , 24
4071 , 25
4071 , 26
4071 , 27
4071 , 28
4071 , 29
4071 , 30
4071 , 31
4072 , 0
4072 , 1
4072 , 2
4072 , 3
4072 , 4
4072 , 5
4072 , 6
4072 , 7
4072 , 8
4072 , 9
4072 , 10
4072 , 11
4072 , 12
4072 , 13
4072 , 14
4072 , 15
4072 , 16
4072 , 17
4072 , 18
4072 , 19
4072 , 20
4072 , 21
4072 , 22
4072 , 23
4072 , 24
4072 , 25
4072 , 26
4072 , 27
4072 , 28
4072 , 29
4072 , 30
4072 , 31
4073 , 0
4073 , 1
4073 , 2
4073 , 3
4073 , 4
4073 , 5
4073 , 6
4073 , 7
4073 , 8
4073 , 9
4073 , 10
4073 , 11
4073 , 12
4073 , 13
4073 , 14
4073 , 15
4073 , 16
4073 , 17
4073 , 18
4073 , 19
4073 , 20
4073 , 21
4073 , 22
4073 , 23
4073 , 24
4073 , 25
4073 , 26
4073 , 27
4073 , 28
4073 , 29
4073 , 30
4073 , 31
4074 , 0
4074 , 1
4074 , 2
4074 , 3
4074 , 4
4074 , 5
4074 , 6
4074 , 7
4074 , 8
4074 , 9
4074 , 10
4074 , 11
4074 , 12
4074 , 13
4074 , 14
4074 , 15
4074 , 16
4074 , 17
4074 , 18
4074 , 19
4074 , 20
4074 , 21
4074 , 22
4074 , 23
4074 , 24
4074 , 25
4074 , 26
4074 , 27
4074 , 28
4074 , 29
4074 , 30
4074 , 31
4075 , 0
4075 , 1
4075 , 2
4075 , 3
4075 , 4
4075 , 5
4075 , 6
4075 , 7
4075 , 8
4075 , 9
4075 , 10
4075 , 11
4075 , 12
4075 , 13
4075 , 14
4075 , 15
4075 , 16
4075 , 17
4075 , 18
4075 , 19
4075 , 20
4075 , 21
4075 , 22
4075 , 23
4075 , 24
4075 , 25
4075 , 26
4075 , 27
4075 , 28
4075 , 29
4075 , 30
4075 , 31
4076 , 0
4076 , 1
4076 , 2
4076 , 3
4076 , 4
4076 , 5
4076 , 6
4076 , 7
4076 , 8
4076 , 9
4076 , 10
4076 , 11
4076 , 12
4076 , 13
4076 , 14
4076 , 15
4076 , 16
4076 , 17
4076 , 18
4076 , 19
4076 , 20
4076 , 21
4076 , 22
4076 , 23
4076 , 24
4076 , 25
4076 , 26
4076 , 27
4076 , 28
4076 , 29
4076 , 30
4076 , 31
4077 , 0
4077 , 1
4077 , 2
4077 , 3
4077 , 4
4077 , 5
4077 , 6
4077 , 7
4077 , 8
4077 , 9
4077 , 10
4077 , 11
4077 , 12
4077 , 13
4077 , 14
4077 , 15
4077 , 16
4077 , 17
4077 , 18
4077 , 19
4077 , 20
4077 , 21
4077 , 22
4077 , 23
4077 , 24
4077 , 25
4077 , 26
4077 , 27
4077 , 28
4077 , 29
4077 , 30
4077 , 31
4078 , 0
4078 , 1
4078 , 2
4078 , 3
4078 , 4
4078 , 5
4078 , 6
4078 , 7
4078 , 8
4078 , 9
4078 , 10
4078 , 11
4078 , 12
4078 , 13
4078 , 14
4078 , 15
4078 , 16
4078 , 17
4078 , 18
4078 , 19
4078 , 20
4078 , 21
4078 , 22
4078 , 23
4078 , 24
4078 , 25
4078 , 26
4078 , 27
4078 , 28
4078 , 29
4078 , 30
4078 , 31
4079 , 0
4079 , 1
4079 , 2
4079 , 3
4079 , 4
4079 , 5
4079 , 6
4079 , 7
4079 , 8
4079 , 9
4079 , 10
4079 , 11
4079 , 12
4079 , 13
4079 , 14
4079 , 15
4079 , 16
4079 , 17
4079 , 18
4079 , 19
4079 , 20
4079 , 21
4079 , 22
4079 , 23
4079 , 24
4079 , 25
4079 , 26
4079 , 27
4079 , 28
4079 , 29
4079 , 30
4079 , 31
4080 , 0
4080 , 1
4080 , 2
4080 , 3
4080 , 4
4080 , 5
4080 , 6
4080 , 7
4080 , 8
4080 , 9
4080 , 10
4080 , 11
4080 , 12
4080 , 13
4080 , 14
4080 , 15
4080 , 16
4080 , 17
4080 , 18
4080 , 19
4080 , 20
4080 , 21
4080 , 22
4080 , 23
4080 , 24
4080 , 25
4080 , 26
4080 , 27
4080 , 28
4080 , 29
4080 , 30
4080 , 31
4081 , 0
4081 , 1
4081 , 2
4081 , 3
4081 , 4
4081 , 5
4081 , 6
4081 , 7
4081 , 8
4081 , 9
4081 , 10
4081 , 11
4081 , 12
4081 , 13
4081 , 14
4081 , 15
4081 , 16
4081 , 17
4081 , 18
4081 , 19
4081 , 20
4081 , 21
4081 , 22
4081 , 23
4081 , 24
4081 , 25
4081 , 26
4081 , 27
4081 , 28
4081 , 29
4081 , 30
4081 , 31
4082 , 0
4082 , 1
4082 , 2
4082 , 3
4082 , 4
4082 , 5
4082 , 6
4082 , 7
4082 , 8
4082 , 9
4082 , 10
4082 , 11
4082 , 12
4082 , 13
4082 , 14
4082 , 15
4082 , 16
4082 , 17
4082 , 18
4082 , 19
4082 , 20
4082 , 21
4082 , 22
4082 , 23
4082 , 24
4082 , 25
4082 , 26
4082 , 27
4082 , 28
4082 , 29
4082 , 30
4082 , 31
4083 , 0
4083 , 1
4083 , 2
4083 , 3
4083 , 4
4083 , 5
4083 , 6
4083 , 7
4083 , 8
4083 , 9
4083 , 10
4083 , 11
4083 , 12
4083 , 13
4083 , 14
4083 , 15
4083 , 16
4083 , 17
4083 , 18
4083 , 19
4083 , 20
4083 , 21
4083 , 22
4083 , 23
4083 , 24
4083 , 25
4083 , 26
4083 , 27
4083 , 28
4083 , 29
4083 , 30
4083 , 31
4084 , 0
4084 , 1
4084 , 2
4084 , 3
4084 , 4
4084 , 5
4084 , 6
4084 , 7
4084 , 8
4084 , 9
4084 , 10
4084 , 11
4084 , 12
4084 , 13
4084 , 14
4084 , 15
4084 , 16
4084 , 17
4084 , 18
4084 , 19
4084 , 20
4084 , 21
4084 , 22
4084 , 23
4084 , 24
4084 , 25
4084 , 26
4084 , 27
4084 , 28
4084 , 29
4084 , 30
4084 , 31
4085 , 0
4085 , 1
4085 , 2
4085 , 3
4085 , 4
4085 , 5
4085 , 6
4085 , 7
4085 , 8
4085 , 9
4085 , 10
4085 , 11
4085 , 12
4085 , 13
4085 , 14
4085 , 15
4085 , 16
4085 , 17
4085 , 18
4085 , 19
4085 , 20
4085 , 21
4085 , 22
4085 , 23
4085 , 24
4085 , 25
4085 , 26
4085 , 27
4085 , 28
4085 , 29
4085 , 30
4085 , 31
4086 , 0
4086 , 1
4086 , 2
4086 , 3
4086 , 4
4086 , 5
4086 , 6
4086 , 7
4086 , 8
4086 , 9
4086 , 10
4086 , 11
4086 , 12
4086 , 13
4086 , 14
4086 , 15
4086 , 16
4086 , 17
4086 , 18
4086 , 19
4086 , 20
4086 , 21
4086 , 22
4086 , 23
4086 , 24
4086 , 25
4086 , 26
4086 , 27
4086 , 28
4086 , 29
4086 , 30
4086 , 31
4087 , 0
4087 , 1
4087 , 2
4087 , 3
4087 , 4
4087 , 5
4087 , 6
4087 , 7
4087 , 8
4087 , 9
4087 , 10
4087 , 11
4087 , 12
4087 , 13
4087 , 14
4087 , 15
4087 , 16
4087 , 17
4087 , 18
4087 , 19
4087 , 20
4087 , 21
4087 , 22
4087 , 23
4087 , 24
4087 , 25
4087 , 26
4087 , 27
4087 , 28
4087 , 29
4087 , 30
4087 , 31
4088 , 0
4088 , 1
4088 , 2
4088 , 3
4088 , 4
4088 , 5
4088 , 6
4088 , 7
4088 , 8
4088 , 9
4088 , 10
4088 , 11
4088 , 12
4088 , 13
4088 , 14
4088 , 15
4088 , 16
4088 , 17
4088 , 18
4088 , 19
4088 , 20
4088 , 21
4088 , 22
4088 , 23
4088 , 24
4088 , 25
4088 , 26
4088 , 27
4088 , 28
4088 , 29
4088 , 30
4088 , 31
4089 , 0
4089 , 1
4089 , 2
4089 , 3
4089 , 4
4089 , 5
4089 , 6
4089 , 7
4089 , 8
4089 , 9
4089 , 10
4089 , 11
4089 , 12
4089 , 13
4089 , 14
4089 , 15
4089 , 16
4089 , 17
4089 , 18
4089 , 19
4089 , 20
4089 , 21
4089 , 22
4089 , 23
4089 , 24
4089 , 25
4089 , 26
4089 , 27
4089 , 28
4089 , 29
4089 , 30
4089 , 31
4090 , 0
4090 , 1
4090 , 2
4090 , 3
4090 , 4
4090 , 5
4090 , 6
4090 , 7
4090 , 8
4090 , 9
4090 , 10
4090 , 11
4090 , 12
4090 , 13
4090 , 14
4090 , 15
4090 , 16
4090 , 17
4090 , 18
4090 , 19
4090 , 20
4090 , 21
4090 , 22
4090 , 23
4090 , 24
4090 , 25
4090 , 26
4090 , 27
4090 , 28
4090 , 29
4090 , 30
4090 , 31
4091 , 0
4091 , 1
4091 , 2
4091 , 3
4091 , 4
4091 , 5
4091 , 6
4091 , 7
4091 , 8
4091 , 9
4091 , 10
4091 , 11
4091 , 12
4091 , 13
4091 , 14
4091 , 15
4091 , 16
4091 , 17
4091 , 18
4091 , 19
4091 , 20
4091 , 21
4091 , 22
4091 , 23
4091 , 24
4091 , 25
4091 , 26
4091 , 27
4091 , 28
4091 , 29
4091 , 30
4091 , 31
4092 , 0
4092 , 1
4092 , 2
4092 , 3
4092 , 4
4092 , 5
4092 , 6
4092 , 7
4092 , 8
4092 , 9
4092 , 10
4092 , 11
4092 , 12
4092 , 13
4092 , 14
4092 , 15
4092 , 16
4092 , 17
4092 , 18
4092 , 19
4092 , 20
4092 , 21
4092 , 22
4092 , 23
4092 , 24
4092 , 25
4092 , 26
4092 , 27
4092 , 28
4092 , 29
4092 , 30
4092 , 31
4093 , 0
4093 , 1
4093 , 2
4093 , 3
4093 , 4
4093 , 5
4093 , 6
4093 , 7
4093 , 8
4093 , 9
4093 , 10
4093 , 11
4093 , 12
4093 , 13
4093 , 14
4093 , 15
4093 , 16
4093 , 17
4093 , 18
4093 , 19
4093 , 20
4093 , 21
4093 , 22
4093 , 23
4093 , 24
4093 , 25
4093 , 26
4093 , 27
4093 , 28
4093 , 29
4093 , 30
4093 , 31
4094 , 0
4094 , 1
4094 , 2
4094 , 3
4094 , 4
4094 , 5
4094 , 6
4094 , 7
4094 , 8
4094 , 9
4094 , 10
4094 , 11
4094 , 12
4094 , 13
4094 , 14
4094 , 15
4094 , 16
4094 , 17
4094 , 18
4094 , 19
4094 , 20
4094 , 21
4094 , 22
4094 , 23
4094 , 24
4094 , 25
4094 , 26
4094 , 27
4094 , 28
4094 , 29
4094 , 30
4094 , 31
4095 , 0
4095 , 1
4095 , 2
4095 , 3
4095 , 4
4095 , 5
4095 , 6
4095 , 7
4095 , 8
4095 , 9
4095 , 10
4095 , 11
4095 , 12
4095 , 13
4095 , 14
4095 , 15
4095 , 16
4095 , 17
4095 , 18
4095 , 19
4095 , 20
4095 , 21
4095 , 22
4095 , 23
4095 , 24
4095 , 25
4095 , 26
4095 , 27
4095 , 28
4095 , 29
4095 , 30
4095 , 31
pagefault tims = 8192
